0	1850_Dumas-Alexandre_Le-Vicomte-de-Bragelonne.xml	0.1362813762776833	0.10413893740174544	0.7595796863205713
1	1872_Zola-Emile_La-curee.xml	0.0776989218589528	0.8454771960042923	0.0768238821367549
2	1882_Zola-Emile_Pot-Bouille.xml	0.03722051964268954	0.8800177920694706	0.08276168828783977
3	1845_Dumas-Alexandre_Le-Comte-de-Monte-Cristo.xml	0.2694041986543734	0.22916578636336746	0.501430014982259
4	1885_Zola-Emile_Germinal.xml	0.14867219142955612	0.8442737761364391	0.0070540324340048
5	1877_Zola-Emile_L-assomoir.xml	0.0390537500041543	0.9510723080962336	0.009873941899612156
6	1875_Zola-Emile_La-faute-de-l-abbe-Mouret.xml	0.08766045168870079	0.9032944187488808	0.009045129562418382
7	1880_Zola-Emile_Nana.xml	0.05222820496395911	0.8568839419276318	0.09088785310840904
8	1850_Dumas-Alexandre_La-Tulipe-noire.xml	0.5141034658388106	0.19735150736096627	0.28854502680022315
9	1864_Dumas-Alexandre_La-San-Felice.xml	0.6577565545825959	0.07223581309111125	0.27000763232629293
10	1844_Dumas-Alexandre_Les-Trois-Mousquetaires.xml	0.18177622226383544	0.0883838450440851	0.7298399326920794
11	1871_Dumas-Alexandre-Pere_La-fille-du-marquis-II.xml	0.5334473602146982	0.32271812365931796	0.14383451612598397
12	1848_Dumas-Alexandre_La-dame-aux-camelias.xml	0.15825486298914992	0.473222334452011	0.3685228025588392
13	1878_Zola-Emile_Une-page-d-amour.xml	0.05252447096606658	0.9323663304945069	0.015109198539426478
14	1850_Dumas-Alexandre-Pere_La-femme-au-collier-de-velours.xml	0.3916697849802827	0.4506778734060621	0.15765234161365535
15	1858_Dumas-Alexandre-Pere_Black.xml	0.4219276960262614	0.3021148179156438	0.27595748605809484
16	1867_Dumas-Alexandre_Les-Blancs-et-les-Bleus.xml	0.7568099440500142	0.1153089257749796	0.12788113017500607
17	1858_Dumas-Alexandre-Pere_Jane.xml	0.5593114501592323	0.25333555356659654	0.18735299627417104
18	1870_Zola-Emile_La-fortune-des-Rougon.xml	0.3149369918082853	0.6640920452428707	0.02097096294884402
19	1883_Zola-Emile_Au-bonheur-des-dames.xml	0.06559837020984231	0.9127952883750978	0.02160634141505984
20	1859_Dumas-Alexandre_Les-Louves-de-Machecoul.xml	0.5907185505634268	0.19747750945176515	0.21180393998480793
21	1852_Dumas-Alexandre_La-comtesse-de-Charny.xml	0.5124208359146298	0.09723419909242131	0.39034496499294874
22	1871_Dumas-Alexandre-Pere_Le-docteur-mysterieux-II.xml	0.7785140712322398	0.10081961087167733	0.12066631789608298
23	1845_Dumas-Alexandre_Vingt-ans-apres.xml	0.2116505991097507	0.07658694565883255	0.7117624552314167
24	1858_Dumas-Alexandre-Pere_sultanetta.xml	0.7150000508166232	0.19006433384488736	0.09493561533848954
25	1854_Dumas-Alexandre-Pere_Le-page-du-duc-de-Savoie-I.xml	0.5162799514057022	0.0851347974806786	0.39858525111361937
26	1845_Dumas-Alexandre_La-Reine-Margot.xml	0.13564586447610646	0.10685505030592012	0.7574990852179733
