{
 "cells": [
  {
   "cell_type": "code",
   "execution_count": 1,
   "metadata": {},
   "outputs": [],
   "source": [
    "import os\n",
    "import itertools\n",
    "import numpy as np\n",
    "import operator\n",
    "import math\n",
    "from sklearn.feature_extraction.text import CountVectorizer\n",
    "import matplotlib.pyplot as plt"
   ]
  },
  {
   "cell_type": "code",
   "execution_count": 2,
   "metadata": {},
   "outputs": [],
   "source": [
    "def grouper(n, iterable, fillvalue=None):\n",
    "    args = [iter(iterable)] * n\n",
    "    return itertools.zip_longest(*args, fillvalue=fillvalue)"
   ]
  },
  {
   "cell_type": "code",
   "execution_count": 3,
   "metadata": {},
   "outputs": [],
   "source": [
    "doctopic_triples = []\n",
    "mallet_docnames = []"
   ]
  },
  {
   "cell_type": "code",
   "execution_count": 4,
   "metadata": {},
   "outputs": [],
   "source": [
    "#here you can put the strings you want to get rid off when showing the titles\n",
    "list_authors_to_replace=['Zola-Emile','Dumas-Alexandre-Pere','Dumas-Alexandre','Balzac-Honore-de','Verne-Jules','Sand-George','Flaubert-Gustave']\n",
    "list_authors_to_find=['Zola-Emile','Balzac-Honore-de']"
   ]
  },
  {
   "cell_type": "code",
   "execution_count": 5,
   "metadata": {},
   "outputs": [],
   "source": [
    "def replace_all(text, dic):\n",
    "    for i in dic:\n",
    "        text = text.replace(i, \"\")\n",
    "    return text"
   ]
  },
  {
   "cell_type": "code",
   "execution_count": 6,
   "metadata": {},
   "outputs": [
    {
     "name": "stdout",
     "output_type": "stream",
     "text": [
      "2\n",
      "3\n",
      "4\n",
      "5\n",
      "6\n",
      "7\n",
      "8\n",
      "9\n",
      "10\n",
      "11\n",
      "12\n",
      "13\n",
      "14\n",
      "15\n",
      "16\n",
      "17\n",
      "18\n",
      "19\n",
      "20\n",
      "21\n",
      "22\n",
      "23\n",
      "24\n",
      "25\n"
     ]
    }
   ],
   "source": [
    "with open(\"test_dumas_etc-llda-doc-topics.txt\") as f:\n",
    "    f.readline()  # read one line in order to skip the header\n",
    "    for line in f:\n",
    "        docnum, docname, *values = line.rstrip().split('\\t')\n",
    "        #if docname.split('_')[1] in list_authors_to_replace:\n",
    "            #docname=replace_all(docname, list_authors_to_replace)\n",
    "        mallet_docnames.append(int(docname))\n",
    "        print(docname)\n",
    "        index_topic=0\n",
    "        for share in grouper(1, values):\n",
    "            triple = (int(docname), index_topic, float(share[0]))\n",
    "            doctopic_triples.append(triple)\n",
    "            index_topic+=1"
   ]
  },
  {
   "cell_type": "code",
   "execution_count": 7,
   "metadata": {},
   "outputs": [
    {
     "name": "stdout",
     "output_type": "stream",
     "text": [
      "[(2, 0, 0.1493763310009127), (2, 1, 0.1676300578034682), (2, 2, 0.15546090660176454), (2, 3, 0.07636142379069061), (2, 4, 0.00030422878004259207), (2, 5, 0.052023121387283246), (2, 6, 0.024642531183449955), (2, 7, 0.05506540918770916), (2, 8, 0.07027684818983876), (2, 9, 0.00030422878004259207), (2, 10, 0.07940371159111653), (2, 11, 0.05506540918770916), (2, 12, 0.00030422878004259207), (2, 13, 0.021600243383024034), (2, 14, 0.06723456038941285), (2, 15, 0.00030422878004259207), (2, 16, 0.024642531183449955), (3, 0, 0.01236056677720832), (3, 1, 0.18420259270425085), (3, 2, 0.07265601447090746), (3, 3, 0.08471510400964728), (3, 4, 0.14199577931866145), (3, 5, 0.00030147723846849563), (3, 6, 0.0033162496231534523), (3, 7, 0.14802532408803137), (3, 8, 0.00030147723846849563), (3, 9, 0.0033162496231534523), (3, 10, 0.00030147723846849563), (3, 11, 0.0907446487790172), (3, 12, 0.16309918601145615), (3, 13, 0.00030147723846849563), (3, 14, 0.08170033162496232), (3, 15, 0.00030147723846849563), (3, 16, 0.01236056677720832), (4, 0, 0.000281928390188892), (4, 1, 0.19481251762052437), (4, 2, 0.25119819565830276), (4, 3, 0.09895686495630111), (4, 4, 0.23428249224696926), (4, 5, 0.000281928390188892), (4, 6, 0.008739780095855652), (4, 7, 0.000281928390188892), (4, 8, 0.000281928390188892), (4, 9, 0.034113335212855936), (4, 10, 0.0031012122920778128), (4, 11, 0.11305328446574571), (4, 12, 0.000281928390188892), (4, 13, 0.000281928390188892), (4, 14, 0.05948689032985622), (4, 15, 0.000281928390188892), (4, 16, 0.000281928390188892), (5, 0, 0.007616974972796519), (5, 1, 0.3558215451577802), (5, 2, 0.1381936887921654), (5, 3, 0.025752629669931085), (5, 4, 0.007616974972796519), (5, 5, 0.0003627130939426914), (5, 6, 0.014871236851650343), (5, 7, 0.0003627130939426914), (5, 8, 0.029379760609358), (5, 9, 0.003989844033369605), (5, 10, 0.34494015233949943), (5, 11, 0.05839680812477331), (5, 12, 0.0003627130939426914), (5, 13, 0.011244105912223431), (5, 14, 0.0003627130939426914), (5, 15, 0.0003627130939426914), (5, 16, 0.0003627130939426914), (6, 0, 0.0003098853424233034), (6, 1, 0.11186860861481253), (6, 2, 0.2637124264022312), (6, 3, 0.0034087387666563375), (6, 4, 0.03439727300898668), (6, 5, 0.04679268670591881), (6, 6, 0.0003098853424233034), (6, 7, 0.0003098853424233034), (6, 8, 0.0003098853424233034), (6, 9, 0.07468236752401612), (6, 10, 0.10876975519057949), (6, 11, 0.009606445615122406), (6, 12, 0.0003098853424233034), (6, 13, 0.012705299039355437), (6, 14, 0.04989154013015185), (6, 15, 0.0003098853424233034), (6, 16, 0.2823055469476294), (7, 0, 0.009219698673262873), (7, 1, 0.2048572071059141), (7, 2, 0.26557229592984033), (7, 3, 0.000224870699347875), (7, 4, 0.004722284686305375), (7, 5, 0.033955475601529124), (7, 6, 0.05419383854283787), (7, 7, 0.002473577692826625), (7, 8, 0.1778727231841691), (7, 9, 0.022711940634135373), (7, 10, 0.047447717562401626), (7, 11, 0.009219698673262873), (7, 12, 0.000224870699347875), (7, 13, 0.015965819653699122), (7, 14, 0.13064987632111535), (7, 15, 0.020463233640656622), (7, 16, 0.000224870699347875), (8, 0, 0.08902844477281124), (8, 1, 0.148134466198744), (8, 2, 0.12227558182489842), (8, 3, 0.00036941263391207984), (8, 4, 0.00036941263391207984), (8, 5, 0.00036941263391207984), (8, 6, 0.00036941263391207984), (8, 7, 0.0077576653121536766), (8, 8, 0.21462874030291837), (8, 9, 0.0040635389730328784), (8, 10, 0.026228297007757664), (8, 11, 0.00036941263391207984), (8, 12, 0.00036941263391207984), (8, 13, 0.00036941263391207984), (8, 14, 0.19246398226819358), (8, 15, 0.19246398226819358), (8, 16, 0.00036941263391207984), (9, 0, 0.00025595085743537245), (9, 1, 0.1512669567443051), (9, 2, 0.23061172254927054), (9, 3, 0.013053493729203992), (9, 4, 0.00025595085743537245), (9, 5, 0.00025595085743537245), (9, 6, 0.00025595085743537245), (9, 7, 0.04376759662144869), (9, 8, 0.015613002303557716), (9, 9, 0.00025595085743537245), (9, 10, 0.00025595085743537245), (9, 11, 0.00025595085743537245), (9, 12, 0.03864857947274123), (9, 13, 0.002815459431789097), (9, 14, 0.12311236242641413), (9, 15, 0.3227540312260046), (9, 16, 0.05656513949321731), (10, 0, 0.028112449799196786), (10, 1, 0.17330861909175163), (10, 2, 0.29070126660488105), (10, 3, 0.09298733395118938), (10, 4, 0.028112449799196786), (10, 5, 0.08989805375347545), (10, 6, 0.006487488415199259), (10, 7, 0.00030892801977139327), (10, 8, 0.00030892801977139327), (10, 9, 0.03738029039233859), (10, 10, 0.015755329008341055), (10, 11, 0.00030892801977139327), (10, 12, 0.018844609206054987), (10, 13, 0.00030892801977139327), (10, 14, 0.12696941612604265), (10, 15, 0.08989805375347545), (10, 16, 0.00030892801977139327), (11, 0, 0.06324206445359826), (11, 1, 0.16258783620063), (11, 2, 0.10685728131814878), (11, 3, 0.05597286164283984), (11, 4, 0.019626847589047734), (11, 5, 0.07293433486794282), (11, 6, 0.0026653743639447544), (11, 7, 0.012357644778289314), (11, 8, 0.00024230676035861404), (11, 9, 0.13593409256118247), (11, 10, 0.00024230676035861404), (11, 11, 0.00024230676035861404), (11, 12, 0.00024230676035861404), (11, 13, 0.00024230676035861404), (11, 14, 0.26435667555124787), (11, 15, 0.07293433486794282), (11, 16, 0.029319118003392295), (12, 0, 0.0029915692140331795), (12, 1, 0.23415828120750612), (12, 2, 0.12537394615175415), (12, 3, 0.03834647810715257), (12, 4, 0.00027196083763937997), (12, 5, 0.03018765297797117), (12, 6, 0.024748436225183572), (12, 7, 0.00027196083763937997), (12, 8, 0.11721512102257275), (12, 9, 0.18792493880881153), (12, 10, 0.00027196083763937997), (12, 11, 0.00027196083763937997), (12, 12, 0.12265433777536036), (12, 13, 0.00027196083763937997), (12, 14, 0.043785694859940175), (12, 15, 0.07098177862387817), (12, 16, 0.00027196083763937997), (13, 0, 0.08423326133909288), (13, 1, 0.2738180945524358), (13, 2, 0.08663306935445166), (13, 3, 0.156227501799856), (13, 4, 0.00023998080153587716), (13, 5, 0.03623710103191745), (13, 6, 0.08903287736981041), (13, 7, 0.00023998080153587716), (13, 8, 0.03623710103191745), (13, 9, 0.07703383729301656), (13, 10, 0.00023998080153587716), (13, 11, 0.00023998080153587716), (13, 12, 0.00023998080153587716), (13, 13, 0.00503959683225342), (13, 14, 0.0314374850011999), (13, 15, 0.11783057355411568), (13, 16, 0.00503959683225342), (14, 0, 0.003154574132492114), (14, 1, 0.20963579007743044), (14, 2, 0.10065959277315745), (14, 3, 0.003154574132492114), (14, 4, 0.0002867794665901922), (14, 5, 0.08345282477774592), (14, 6, 0.0002867794665901922), (14, 7, 0.02036134212790364), (14, 8, 0.08918841410954977), (14, 9, 0.40177803269285917), (14, 10, 0.008890163464295957), (14, 11, 0.026096931459707484), (14, 12, 0.0002867794665901922), (14, 13, 0.0146257527960998), (14, 14, 0.003154574132492114), (14, 15, 0.03470031545741325), (14, 16, 0.0002867794665901922), (15, 0, 0.050637804406648626), (15, 1, 0.30962504831851567), (15, 2, 0.11248550444530345), (15, 3, 0.1047545419404716), (15, 4, 0.05450328565906455), (15, 5, 0.027444916892153073), (15, 6, 0.004252029377657519), (15, 7, 0.0003865481252415926), (15, 8, 0.004252029377657519), (15, 9, 0.13181291070738307), (15, 10, 0.004252029377657519), (15, 11, 0.019713954387321223), (15, 12, 0.0003865481252415926), (15, 13, 0.004252029377657519), (15, 14, 0.06996521066872827), (15, 15, 0.10088906068805567), (15, 16, 0.0003865481252415926), (16, 0, 0.08765507423225545), (16, 1, 0.11816148057758796), (16, 2, 0.07341875127110027), (16, 3, 0.17103925157616431), (16, 4, 0.0002033760423022168), (16, 5, 0.05104738661785642), (16, 6, 0.19341061622940817), (16, 7, 0.0002033760423022168), (16, 8, 0.020540980272523896), (16, 9, 0.05918242830994509), (16, 10, 0.0002033760423022168), (16, 11, 0.004270896888346553), (16, 12, 0.0652837095790116), (16, 13, 0.038844824079723415), (16, 14, 0.042912344925767745), (16, 15, 0.03274354281065691), (16, 16, 0.040878584502745584), (17, 0, 0.23009128108278248), (17, 1, 0.15454831602140384), (17, 2, 0.12621970412338684), (17, 3, 0.13251495121183507), (17, 4, 0.00031476235442241113), (17, 5, 0.00031476235442241113), (17, 6, 0.06326723323890464), (17, 7, 0.00031476235442241113), (17, 8, 0.00031476235442241113), (17, 9, 0.14825306893295562), (17, 10, 0.006610009442870633), (17, 11, 0.016052880075542963), (17, 12, 0.006610009442870633), (17, 13, 0.00031476235442241113), (17, 14, 0.11362920994649041), (17, 15, 0.00031476235442241113), (17, 16, 0.00031476235442241113), (18, 0, 0.12541959108941106), (18, 1, 0.1406774488861764), (18, 2, 0.10711016173329266), (18, 3, 0.2841013121757705), (18, 4, 0.006408300274641441), (18, 5, 0.02471772963075984), (18, 6, 0.03692401586817211), (18, 7, 0.00030515715593530673), (18, 8, 0.00030515715593530673), (18, 9, 0.10405859017393959), (18, 10, 0.006408300274641441), (18, 11, 0.00030515715593530673), (18, 12, 0.00030515715593530673), (18, 13, 0.06133658834299665), (18, 14, 0.06438815990234972), (18, 15, 0.03692401586817211), (18, 16, 0.00030515715593530673), (19, 0, 0.15295868998883513), (19, 1, 0.13435057685150728), (19, 2, 0.10457759583178267), (19, 3, 0.25344250093040566), (19, 4, 0.0003721622627465575), (19, 5, 0.0003721622627465575), (19, 6, 0.026423520655005583), (19, 7, 0.0003721622627465575), (19, 8, 0.0003721622627465575), (19, 9, 0.10829921845924824), (19, 10, 0.0003721622627465575), (19, 11, 0.07852623743952364), (19, 12, 0.0003721622627465575), (19, 13, 0.13807219947897284), (19, 14, 0.0003721622627465575), (19, 15, 0.0003721622627465575), (19, 16, 0.0003721622627465575), (20, 0, 0.0004242681374628766), (20, 1, 0.38650827322868053), (20, 2, 0.034365719134493), (20, 3, 0.0725498515061519), (20, 4, 0.0004242681374628766), (20, 5, 0.013152312261349174), (20, 6, 0.02588035638523547), (20, 7, 0.0004242681374628766), (20, 8, 0.008909630886720409), (20, 9, 0.04285108188375053), (20, 10, 0.0004242681374628766), (20, 11, 0.0004242681374628766), (20, 12, 0.09800593975392449), (20, 13, 0.2592278319898176), (20, 14, 0.047093763258379294), (20, 15, 0.0004242681374628766), (20, 16, 0.008909630886720409), (21, 0, 0.0003640334910811795), (21, 1, 0.11321441572624683), (21, 2, 0.21878412813978887), (21, 3, 0.0003640334910811795), (21, 4, 0.014925373134328358), (21, 5, 0.044048052420822714), (21, 6, 0.011285038223516564), (21, 7, 0.0003640334910811795), (21, 8, 0.004004368401892975), (21, 9, 0.2551874772479068), (21, 10, 0.0003640334910811795), (21, 11, 0.0003640334910811795), (21, 12, 0.0003640334910811795), (21, 13, 0.22242446305060068), (21, 14, 0.11321441572624683), (21, 15, 0.0003640334910811795), (21, 16, 0.0003640334910811795), (22, 0, 0.020778460637986537), (22, 1, 0.08516242317822652), (22, 2, 0.14076675446297923), (22, 3, 0.0324846356453029), (22, 4, 0.041264266900790166), (22, 5, 0.1436932982148083), (22, 6, 0.000292654375182909), (22, 7, 0.000292654375182909), (22, 8, 0.000292654375182909), (22, 9, 0.18466491074041558), (22, 10, 0.04711735440444835), (22, 11, 0.05004389815627744), (22, 12, 0.000292654375182909), (22, 13, 0.04711735440444835), (22, 14, 0.2022241732513901), (22, 15, 0.0032191981270119994), (22, 16, 0.000292654375182909), (23, 0, 0.036118003859939345), (23, 1, 0.22360077198786876), (23, 2, 0.25392886683209265), (23, 3, 0.08574579542321478), (23, 4, 0.003032809484422388), (23, 5, 0.15743038323683486), (23, 6, 0.00027570995312930797), (23, 7, 0.00027570995312930797), (23, 8, 0.00027570995312930797), (23, 9, 0.07747449682933555), (23, 10, 0.00027570995312930797), (23, 11, 0.005789909015715467), (23, 12, 0.00027570995312930797), (23, 13, 0.05817480011028399), (23, 14, 0.008547008547008548), (23, 15, 0.052660601047697826), (23, 16, 0.036118003859939345), (24, 0, 0.0002388344877000239), (24, 1, 0.21757821829472174), (24, 2, 0.1650346310007165), (24, 3, 0.06472414616670648), (24, 4, 0.0002388344877000239), (24, 5, 0.15070456173871508), (24, 6, 0.007403869118700741), (24, 7, 0.03128731788870313), (24, 8, 0.012180558872701218), (24, 9, 0.11249104370671126), (24, 10, 0.0002388344877000239), (24, 11, 0.007403869118700741), (24, 12, 0.019345593503701936), (24, 13, 0.00979221399570098), (24, 14, 0.13159780272271315), (24, 15, 0.03606400764270361), (24, 16, 0.03367566276570337), (25, 0, 0.024683122081387593), (25, 1, 0.2715143428952635), (25, 2, 0.0869468534578608), (25, 3, 0.0647098065376918), (25, 4, 0.0513675783855904), (25, 5, 0.00911718923726929), (25, 6, 0.01134089392928619), (25, 7, 0.038025350233489), (25, 8, 0.0024460751612185904), (25, 9, 0.1091839003780298), (25, 10, 0.00022237046920169003), (25, 11, 0.01134089392928619), (25, 12, 0.104736490993996), (25, 13, 0.18034245052257059), (25, 14, 0.03135423615743829), (25, 15, 0.0024460751612185904), (25, 16, 0.00022237046920169003)]\n"
     ]
    }
   ],
   "source": [
    "print(doctopic_triples)"
   ]
  },
  {
   "cell_type": "code",
   "execution_count": 8,
   "metadata": {},
   "outputs": [],
   "source": [
    "mallet_docnames = sorted(mallet_docnames)"
   ]
  },
  {
   "cell_type": "code",
   "execution_count": 9,
   "metadata": {},
   "outputs": [],
   "source": [
    "num_docs = len(mallet_docnames)"
   ]
  },
  {
   "cell_type": "code",
   "execution_count": 10,
   "metadata": {},
   "outputs": [],
   "source": [
    "doctopic_triples = sorted(doctopic_triples, key=operator.itemgetter(0))"
   ]
  },
  {
   "cell_type": "code",
   "execution_count": 11,
   "metadata": {},
   "outputs": [
    {
     "name": "stdout",
     "output_type": "stream",
     "text": [
      "408\n",
      "17\n"
     ]
    }
   ],
   "source": [
    "num_topics = len(doctopic_triples) // len(mallet_docnames)\n",
    "print(len(doctopic_triples))\n",
    "print(num_topics)"
   ]
  },
  {
   "cell_type": "code",
   "execution_count": 12,
   "metadata": {},
   "outputs": [],
   "source": [
    "doctopic = np.zeros((num_docs, num_topics))"
   ]
  },
  {
   "cell_type": "code",
   "execution_count": 13,
   "metadata": {},
   "outputs": [],
   "source": [
    "for triple in doctopic_triples:\n",
    "    docname, topic, share = triple\n",
    "    row_num = mallet_docnames.index(docname)\n",
    "    doctopic[row_num, topic] = share"
   ]
  },
  {
   "cell_type": "code",
   "execution_count": 14,
   "metadata": {},
   "outputs": [],
   "source": [
    "novel_names = []"
   ]
  },
  {
   "cell_type": "code",
   "execution_count": 15,
   "metadata": {},
   "outputs": [
    {
     "name": "stdout",
     "output_type": "stream",
     "text": [
      "24\n"
     ]
    }
   ],
   "source": [
    "for fn in mallet_docnames:\n",
    "    basename = os.path.basename(str(fn))\n",
    "    name, ext = os.path.splitext(basename)\n",
    "    novel_names.append(name)\n",
    "print(len(novel_names))"
   ]
  },
  {
   "cell_type": "code",
   "execution_count": 16,
   "metadata": {},
   "outputs": [],
   "source": [
    "novel_names = np.asarray(novel_names)"
   ]
  },
  {
   "cell_type": "code",
   "execution_count": 17,
   "metadata": {},
   "outputs": [
    {
     "data": {
      "text/plain": [
       "array([[  1.49376331e-01,   1.67630058e-01,   1.55460907e-01,\n",
       "          7.63614238e-02,   3.04228780e-04,   5.20231214e-02,\n",
       "          2.46425312e-02,   5.50654092e-02,   7.02768482e-02,\n",
       "          3.04228780e-04,   7.94037116e-02,   5.50654092e-02,\n",
       "          3.04228780e-04,   2.16002434e-02,   6.72345604e-02,\n",
       "          3.04228780e-04,   2.46425312e-02],\n",
       "       [  1.23605668e-02,   1.84202593e-01,   7.26560145e-02,\n",
       "          8.47151040e-02,   1.41995779e-01,   3.01477238e-04,\n",
       "          3.31624962e-03,   1.48025324e-01,   3.01477238e-04,\n",
       "          3.31624962e-03,   3.01477238e-04,   9.07446488e-02,\n",
       "          1.63099186e-01,   3.01477238e-04,   8.17003316e-02,\n",
       "          3.01477238e-04,   1.23605668e-02],\n",
       "       [  2.81928390e-04,   1.94812518e-01,   2.51198196e-01,\n",
       "          9.89568650e-02,   2.34282492e-01,   2.81928390e-04,\n",
       "          8.73978010e-03,   2.81928390e-04,   2.81928390e-04,\n",
       "          3.41133352e-02,   3.10121229e-03,   1.13053284e-01,\n",
       "          2.81928390e-04,   2.81928390e-04,   5.94868903e-02,\n",
       "          2.81928390e-04,   2.81928390e-04],\n",
       "       [  7.61697497e-03,   3.55821545e-01,   1.38193689e-01,\n",
       "          2.57526297e-02,   7.61697497e-03,   3.62713094e-04,\n",
       "          1.48712369e-02,   3.62713094e-04,   2.93797606e-02,\n",
       "          3.98984403e-03,   3.44940152e-01,   5.83968081e-02,\n",
       "          3.62713094e-04,   1.12441059e-02,   3.62713094e-04,\n",
       "          3.62713094e-04,   3.62713094e-04],\n",
       "       [  3.09885342e-04,   1.11868609e-01,   2.63712426e-01,\n",
       "          3.40873877e-03,   3.43972730e-02,   4.67926867e-02,\n",
       "          3.09885342e-04,   3.09885342e-04,   3.09885342e-04,\n",
       "          7.46823675e-02,   1.08769755e-01,   9.60644562e-03,\n",
       "          3.09885342e-04,   1.27052990e-02,   4.98915401e-02,\n",
       "          3.09885342e-04,   2.82305547e-01],\n",
       "       [  9.21969867e-03,   2.04857207e-01,   2.65572296e-01,\n",
       "          2.24870699e-04,   4.72228469e-03,   3.39554756e-02,\n",
       "          5.41938385e-02,   2.47357769e-03,   1.77872723e-01,\n",
       "          2.27119406e-02,   4.74477176e-02,   9.21969867e-03,\n",
       "          2.24870699e-04,   1.59658197e-02,   1.30649876e-01,\n",
       "          2.04632336e-02,   2.24870699e-04],\n",
       "       [  8.90284448e-02,   1.48134466e-01,   1.22275582e-01,\n",
       "          3.69412634e-04,   3.69412634e-04,   3.69412634e-04,\n",
       "          3.69412634e-04,   7.75766531e-03,   2.14628740e-01,\n",
       "          4.06353897e-03,   2.62282970e-02,   3.69412634e-04,\n",
       "          3.69412634e-04,   3.69412634e-04,   1.92463982e-01,\n",
       "          1.92463982e-01,   3.69412634e-04],\n",
       "       [  2.55950857e-04,   1.51266957e-01,   2.30611723e-01,\n",
       "          1.30534937e-02,   2.55950857e-04,   2.55950857e-04,\n",
       "          2.55950857e-04,   4.37675966e-02,   1.56130023e-02,\n",
       "          2.55950857e-04,   2.55950857e-04,   2.55950857e-04,\n",
       "          3.86485795e-02,   2.81545943e-03,   1.23112362e-01,\n",
       "          3.22754031e-01,   5.65651395e-02],\n",
       "       [  2.81124498e-02,   1.73308619e-01,   2.90701267e-01,\n",
       "          9.29873340e-02,   2.81124498e-02,   8.98980538e-02,\n",
       "          6.48748842e-03,   3.08928020e-04,   3.08928020e-04,\n",
       "          3.73802904e-02,   1.57553290e-02,   3.08928020e-04,\n",
       "          1.88446092e-02,   3.08928020e-04,   1.26969416e-01,\n",
       "          8.98980538e-02,   3.08928020e-04],\n",
       "       [  6.32420645e-02,   1.62587836e-01,   1.06857281e-01,\n",
       "          5.59728616e-02,   1.96268476e-02,   7.29343349e-02,\n",
       "          2.66537436e-03,   1.23576448e-02,   2.42306760e-04,\n",
       "          1.35934093e-01,   2.42306760e-04,   2.42306760e-04,\n",
       "          2.42306760e-04,   2.42306760e-04,   2.64356676e-01,\n",
       "          7.29343349e-02,   2.93191180e-02],\n",
       "       [  2.99156921e-03,   2.34158281e-01,   1.25373946e-01,\n",
       "          3.83464781e-02,   2.71960838e-04,   3.01876530e-02,\n",
       "          2.47484362e-02,   2.71960838e-04,   1.17215121e-01,\n",
       "          1.87924939e-01,   2.71960838e-04,   2.71960838e-04,\n",
       "          1.22654338e-01,   2.71960838e-04,   4.37856949e-02,\n",
       "          7.09817786e-02,   2.71960838e-04],\n",
       "       [  8.42332613e-02,   2.73818095e-01,   8.66330694e-02,\n",
       "          1.56227502e-01,   2.39980802e-04,   3.62371010e-02,\n",
       "          8.90328774e-02,   2.39980802e-04,   3.62371010e-02,\n",
       "          7.70338373e-02,   2.39980802e-04,   2.39980802e-04,\n",
       "          2.39980802e-04,   5.03959683e-03,   3.14374850e-02,\n",
       "          1.17830574e-01,   5.03959683e-03],\n",
       "       [  3.15457413e-03,   2.09635790e-01,   1.00659593e-01,\n",
       "          3.15457413e-03,   2.86779467e-04,   8.34528248e-02,\n",
       "          2.86779467e-04,   2.03613421e-02,   8.91884141e-02,\n",
       "          4.01778033e-01,   8.89016346e-03,   2.60969315e-02,\n",
       "          2.86779467e-04,   1.46257528e-02,   3.15457413e-03,\n",
       "          3.47003155e-02,   2.86779467e-04],\n",
       "       [  5.06378044e-02,   3.09625048e-01,   1.12485504e-01,\n",
       "          1.04754542e-01,   5.45032857e-02,   2.74449169e-02,\n",
       "          4.25202938e-03,   3.86548125e-04,   4.25202938e-03,\n",
       "          1.31812911e-01,   4.25202938e-03,   1.97139544e-02,\n",
       "          3.86548125e-04,   4.25202938e-03,   6.99652107e-02,\n",
       "          1.00889061e-01,   3.86548125e-04],\n",
       "       [  8.76550742e-02,   1.18161481e-01,   7.34187513e-02,\n",
       "          1.71039252e-01,   2.03376042e-04,   5.10473866e-02,\n",
       "          1.93410616e-01,   2.03376042e-04,   2.05409803e-02,\n",
       "          5.91824283e-02,   2.03376042e-04,   4.27089689e-03,\n",
       "          6.52837096e-02,   3.88448241e-02,   4.29123449e-02,\n",
       "          3.27435428e-02,   4.08785845e-02],\n",
       "       [  2.30091281e-01,   1.54548316e-01,   1.26219704e-01,\n",
       "          1.32514951e-01,   3.14762354e-04,   3.14762354e-04,\n",
       "          6.32672332e-02,   3.14762354e-04,   3.14762354e-04,\n",
       "          1.48253069e-01,   6.61000944e-03,   1.60528801e-02,\n",
       "          6.61000944e-03,   3.14762354e-04,   1.13629210e-01,\n",
       "          3.14762354e-04,   3.14762354e-04],\n",
       "       [  1.25419591e-01,   1.40677449e-01,   1.07110162e-01,\n",
       "          2.84101312e-01,   6.40830027e-03,   2.47177296e-02,\n",
       "          3.69240159e-02,   3.05157156e-04,   3.05157156e-04,\n",
       "          1.04058590e-01,   6.40830027e-03,   3.05157156e-04,\n",
       "          3.05157156e-04,   6.13365883e-02,   6.43881599e-02,\n",
       "          3.69240159e-02,   3.05157156e-04],\n",
       "       [  1.52958690e-01,   1.34350577e-01,   1.04577596e-01,\n",
       "          2.53442501e-01,   3.72162263e-04,   3.72162263e-04,\n",
       "          2.64235207e-02,   3.72162263e-04,   3.72162263e-04,\n",
       "          1.08299218e-01,   3.72162263e-04,   7.85262374e-02,\n",
       "          3.72162263e-04,   1.38072199e-01,   3.72162263e-04,\n",
       "          3.72162263e-04,   3.72162263e-04],\n",
       "       [  4.24268137e-04,   3.86508273e-01,   3.43657191e-02,\n",
       "          7.25498515e-02,   4.24268137e-04,   1.31523123e-02,\n",
       "          2.58803564e-02,   4.24268137e-04,   8.90963089e-03,\n",
       "          4.28510819e-02,   4.24268137e-04,   4.24268137e-04,\n",
       "          9.80059398e-02,   2.59227832e-01,   4.70937633e-02,\n",
       "          4.24268137e-04,   8.90963089e-03],\n",
       "       [  3.64033491e-04,   1.13214416e-01,   2.18784128e-01,\n",
       "          3.64033491e-04,   1.49253731e-02,   4.40480524e-02,\n",
       "          1.12850382e-02,   3.64033491e-04,   4.00436840e-03,\n",
       "          2.55187477e-01,   3.64033491e-04,   3.64033491e-04,\n",
       "          3.64033491e-04,   2.22424463e-01,   1.13214416e-01,\n",
       "          3.64033491e-04,   3.64033491e-04],\n",
       "       [  2.07784606e-02,   8.51624232e-02,   1.40766754e-01,\n",
       "          3.24846356e-02,   4.12642669e-02,   1.43693298e-01,\n",
       "          2.92654375e-04,   2.92654375e-04,   2.92654375e-04,\n",
       "          1.84664911e-01,   4.71173544e-02,   5.00438982e-02,\n",
       "          2.92654375e-04,   4.71173544e-02,   2.02224173e-01,\n",
       "          3.21919813e-03,   2.92654375e-04],\n",
       "       [  3.61180039e-02,   2.23600772e-01,   2.53928867e-01,\n",
       "          8.57457954e-02,   3.03280948e-03,   1.57430383e-01,\n",
       "          2.75709953e-04,   2.75709953e-04,   2.75709953e-04,\n",
       "          7.74744968e-02,   2.75709953e-04,   5.78990902e-03,\n",
       "          2.75709953e-04,   5.81748001e-02,   8.54700855e-03,\n",
       "          5.26606010e-02,   3.61180039e-02],\n",
       "       [  2.38834488e-04,   2.17578218e-01,   1.65034631e-01,\n",
       "          6.47241462e-02,   2.38834488e-04,   1.50704562e-01,\n",
       "          7.40386912e-03,   3.12873179e-02,   1.21805589e-02,\n",
       "          1.12491044e-01,   2.38834488e-04,   7.40386912e-03,\n",
       "          1.93455935e-02,   9.79221400e-03,   1.31597803e-01,\n",
       "          3.60640076e-02,   3.36756628e-02],\n",
       "       [  2.46831221e-02,   2.71514343e-01,   8.69468535e-02,\n",
       "          6.47098065e-02,   5.13675784e-02,   9.11718924e-03,\n",
       "          1.13408939e-02,   3.80253502e-02,   2.44607516e-03,\n",
       "          1.09183900e-01,   2.22370469e-04,   1.13408939e-02,\n",
       "          1.04736491e-01,   1.80342451e-01,   3.13542362e-02,\n",
       "          2.44607516e-03,   2.22370469e-04]])"
      ]
     },
     "execution_count": 17,
     "metadata": {},
     "output_type": "execute_result"
    }
   ],
   "source": [
    "doctopic"
   ]
  },
  {
   "cell_type": "code",
   "execution_count": 18,
   "metadata": {},
   "outputs": [],
   "source": [
    "doctopic_orig = doctopic.copy()"
   ]
  },
  {
   "cell_type": "code",
   "execution_count": 19,
   "metadata": {},
   "outputs": [
    {
     "name": "stdout",
     "output_type": "stream",
     "text": [
      "24\n"
     ]
    }
   ],
   "source": [
    "num_groups = len(set(novel_names))\n",
    "print(num_groups)"
   ]
  },
  {
   "cell_type": "code",
   "execution_count": 20,
   "metadata": {},
   "outputs": [],
   "source": [
    "doctopic_grouped = np.zeros((num_groups, num_topics))"
   ]
  },
  {
   "cell_type": "code",
   "execution_count": 21,
   "metadata": {},
   "outputs": [],
   "source": [
    "for i, name in enumerate(sorted(set(novel_names))):\n",
    "    doctopic_grouped[i, :] = np.mean(doctopic[novel_names == name, :], axis=0)"
   ]
  },
  {
   "cell_type": "code",
   "execution_count": 22,
   "metadata": {},
   "outputs": [],
   "source": [
    "doctopic = doctopic_grouped"
   ]
  },
  {
   "cell_type": "code",
   "execution_count": 23,
   "metadata": {},
   "outputs": [
    {
     "data": {
      "text/plain": [
       "array([[  2.81124498e-02,   1.73308619e-01,   2.90701267e-01,\n",
       "          9.29873340e-02,   2.81124498e-02,   8.98980538e-02,\n",
       "          6.48748842e-03,   3.08928020e-04,   3.08928020e-04,\n",
       "          3.73802904e-02,   1.57553290e-02,   3.08928020e-04,\n",
       "          1.88446092e-02,   3.08928020e-04,   1.26969416e-01,\n",
       "          8.98980538e-02,   3.08928020e-04],\n",
       "       [  6.32420645e-02,   1.62587836e-01,   1.06857281e-01,\n",
       "          5.59728616e-02,   1.96268476e-02,   7.29343349e-02,\n",
       "          2.66537436e-03,   1.23576448e-02,   2.42306760e-04,\n",
       "          1.35934093e-01,   2.42306760e-04,   2.42306760e-04,\n",
       "          2.42306760e-04,   2.42306760e-04,   2.64356676e-01,\n",
       "          7.29343349e-02,   2.93191180e-02],\n",
       "       [  2.99156921e-03,   2.34158281e-01,   1.25373946e-01,\n",
       "          3.83464781e-02,   2.71960838e-04,   3.01876530e-02,\n",
       "          2.47484362e-02,   2.71960838e-04,   1.17215121e-01,\n",
       "          1.87924939e-01,   2.71960838e-04,   2.71960838e-04,\n",
       "          1.22654338e-01,   2.71960838e-04,   4.37856949e-02,\n",
       "          7.09817786e-02,   2.71960838e-04],\n",
       "       [  8.42332613e-02,   2.73818095e-01,   8.66330694e-02,\n",
       "          1.56227502e-01,   2.39980802e-04,   3.62371010e-02,\n",
       "          8.90328774e-02,   2.39980802e-04,   3.62371010e-02,\n",
       "          7.70338373e-02,   2.39980802e-04,   2.39980802e-04,\n",
       "          2.39980802e-04,   5.03959683e-03,   3.14374850e-02,\n",
       "          1.17830574e-01,   5.03959683e-03],\n",
       "       [  3.15457413e-03,   2.09635790e-01,   1.00659593e-01,\n",
       "          3.15457413e-03,   2.86779467e-04,   8.34528248e-02,\n",
       "          2.86779467e-04,   2.03613421e-02,   8.91884141e-02,\n",
       "          4.01778033e-01,   8.89016346e-03,   2.60969315e-02,\n",
       "          2.86779467e-04,   1.46257528e-02,   3.15457413e-03,\n",
       "          3.47003155e-02,   2.86779467e-04],\n",
       "       [  5.06378044e-02,   3.09625048e-01,   1.12485504e-01,\n",
       "          1.04754542e-01,   5.45032857e-02,   2.74449169e-02,\n",
       "          4.25202938e-03,   3.86548125e-04,   4.25202938e-03,\n",
       "          1.31812911e-01,   4.25202938e-03,   1.97139544e-02,\n",
       "          3.86548125e-04,   4.25202938e-03,   6.99652107e-02,\n",
       "          1.00889061e-01,   3.86548125e-04],\n",
       "       [  8.76550742e-02,   1.18161481e-01,   7.34187513e-02,\n",
       "          1.71039252e-01,   2.03376042e-04,   5.10473866e-02,\n",
       "          1.93410616e-01,   2.03376042e-04,   2.05409803e-02,\n",
       "          5.91824283e-02,   2.03376042e-04,   4.27089689e-03,\n",
       "          6.52837096e-02,   3.88448241e-02,   4.29123449e-02,\n",
       "          3.27435428e-02,   4.08785845e-02],\n",
       "       [  2.30091281e-01,   1.54548316e-01,   1.26219704e-01,\n",
       "          1.32514951e-01,   3.14762354e-04,   3.14762354e-04,\n",
       "          6.32672332e-02,   3.14762354e-04,   3.14762354e-04,\n",
       "          1.48253069e-01,   6.61000944e-03,   1.60528801e-02,\n",
       "          6.61000944e-03,   3.14762354e-04,   1.13629210e-01,\n",
       "          3.14762354e-04,   3.14762354e-04],\n",
       "       [  1.25419591e-01,   1.40677449e-01,   1.07110162e-01,\n",
       "          2.84101312e-01,   6.40830027e-03,   2.47177296e-02,\n",
       "          3.69240159e-02,   3.05157156e-04,   3.05157156e-04,\n",
       "          1.04058590e-01,   6.40830027e-03,   3.05157156e-04,\n",
       "          3.05157156e-04,   6.13365883e-02,   6.43881599e-02,\n",
       "          3.69240159e-02,   3.05157156e-04],\n",
       "       [  1.52958690e-01,   1.34350577e-01,   1.04577596e-01,\n",
       "          2.53442501e-01,   3.72162263e-04,   3.72162263e-04,\n",
       "          2.64235207e-02,   3.72162263e-04,   3.72162263e-04,\n",
       "          1.08299218e-01,   3.72162263e-04,   7.85262374e-02,\n",
       "          3.72162263e-04,   1.38072199e-01,   3.72162263e-04,\n",
       "          3.72162263e-04,   3.72162263e-04],\n",
       "       [  1.49376331e-01,   1.67630058e-01,   1.55460907e-01,\n",
       "          7.63614238e-02,   3.04228780e-04,   5.20231214e-02,\n",
       "          2.46425312e-02,   5.50654092e-02,   7.02768482e-02,\n",
       "          3.04228780e-04,   7.94037116e-02,   5.50654092e-02,\n",
       "          3.04228780e-04,   2.16002434e-02,   6.72345604e-02,\n",
       "          3.04228780e-04,   2.46425312e-02],\n",
       "       [  4.24268137e-04,   3.86508273e-01,   3.43657191e-02,\n",
       "          7.25498515e-02,   4.24268137e-04,   1.31523123e-02,\n",
       "          2.58803564e-02,   4.24268137e-04,   8.90963089e-03,\n",
       "          4.28510819e-02,   4.24268137e-04,   4.24268137e-04,\n",
       "          9.80059398e-02,   2.59227832e-01,   4.70937633e-02,\n",
       "          4.24268137e-04,   8.90963089e-03],\n",
       "       [  3.64033491e-04,   1.13214416e-01,   2.18784128e-01,\n",
       "          3.64033491e-04,   1.49253731e-02,   4.40480524e-02,\n",
       "          1.12850382e-02,   3.64033491e-04,   4.00436840e-03,\n",
       "          2.55187477e-01,   3.64033491e-04,   3.64033491e-04,\n",
       "          3.64033491e-04,   2.22424463e-01,   1.13214416e-01,\n",
       "          3.64033491e-04,   3.64033491e-04],\n",
       "       [  2.07784606e-02,   8.51624232e-02,   1.40766754e-01,\n",
       "          3.24846356e-02,   4.12642669e-02,   1.43693298e-01,\n",
       "          2.92654375e-04,   2.92654375e-04,   2.92654375e-04,\n",
       "          1.84664911e-01,   4.71173544e-02,   5.00438982e-02,\n",
       "          2.92654375e-04,   4.71173544e-02,   2.02224173e-01,\n",
       "          3.21919813e-03,   2.92654375e-04],\n",
       "       [  3.61180039e-02,   2.23600772e-01,   2.53928867e-01,\n",
       "          8.57457954e-02,   3.03280948e-03,   1.57430383e-01,\n",
       "          2.75709953e-04,   2.75709953e-04,   2.75709953e-04,\n",
       "          7.74744968e-02,   2.75709953e-04,   5.78990902e-03,\n",
       "          2.75709953e-04,   5.81748001e-02,   8.54700855e-03,\n",
       "          5.26606010e-02,   3.61180039e-02],\n",
       "       [  2.38834488e-04,   2.17578218e-01,   1.65034631e-01,\n",
       "          6.47241462e-02,   2.38834488e-04,   1.50704562e-01,\n",
       "          7.40386912e-03,   3.12873179e-02,   1.21805589e-02,\n",
       "          1.12491044e-01,   2.38834488e-04,   7.40386912e-03,\n",
       "          1.93455935e-02,   9.79221400e-03,   1.31597803e-01,\n",
       "          3.60640076e-02,   3.36756628e-02],\n",
       "       [  2.46831221e-02,   2.71514343e-01,   8.69468535e-02,\n",
       "          6.47098065e-02,   5.13675784e-02,   9.11718924e-03,\n",
       "          1.13408939e-02,   3.80253502e-02,   2.44607516e-03,\n",
       "          1.09183900e-01,   2.22370469e-04,   1.13408939e-02,\n",
       "          1.04736491e-01,   1.80342451e-01,   3.13542362e-02,\n",
       "          2.44607516e-03,   2.22370469e-04],\n",
       "       [  1.23605668e-02,   1.84202593e-01,   7.26560145e-02,\n",
       "          8.47151040e-02,   1.41995779e-01,   3.01477238e-04,\n",
       "          3.31624962e-03,   1.48025324e-01,   3.01477238e-04,\n",
       "          3.31624962e-03,   3.01477238e-04,   9.07446488e-02,\n",
       "          1.63099186e-01,   3.01477238e-04,   8.17003316e-02,\n",
       "          3.01477238e-04,   1.23605668e-02],\n",
       "       [  2.81928390e-04,   1.94812518e-01,   2.51198196e-01,\n",
       "          9.89568650e-02,   2.34282492e-01,   2.81928390e-04,\n",
       "          8.73978010e-03,   2.81928390e-04,   2.81928390e-04,\n",
       "          3.41133352e-02,   3.10121229e-03,   1.13053284e-01,\n",
       "          2.81928390e-04,   2.81928390e-04,   5.94868903e-02,\n",
       "          2.81928390e-04,   2.81928390e-04],\n",
       "       [  7.61697497e-03,   3.55821545e-01,   1.38193689e-01,\n",
       "          2.57526297e-02,   7.61697497e-03,   3.62713094e-04,\n",
       "          1.48712369e-02,   3.62713094e-04,   2.93797606e-02,\n",
       "          3.98984403e-03,   3.44940152e-01,   5.83968081e-02,\n",
       "          3.62713094e-04,   1.12441059e-02,   3.62713094e-04,\n",
       "          3.62713094e-04,   3.62713094e-04],\n",
       "       [  3.09885342e-04,   1.11868609e-01,   2.63712426e-01,\n",
       "          3.40873877e-03,   3.43972730e-02,   4.67926867e-02,\n",
       "          3.09885342e-04,   3.09885342e-04,   3.09885342e-04,\n",
       "          7.46823675e-02,   1.08769755e-01,   9.60644562e-03,\n",
       "          3.09885342e-04,   1.27052990e-02,   4.98915401e-02,\n",
       "          3.09885342e-04,   2.82305547e-01],\n",
       "       [  9.21969867e-03,   2.04857207e-01,   2.65572296e-01,\n",
       "          2.24870699e-04,   4.72228469e-03,   3.39554756e-02,\n",
       "          5.41938385e-02,   2.47357769e-03,   1.77872723e-01,\n",
       "          2.27119406e-02,   4.74477176e-02,   9.21969867e-03,\n",
       "          2.24870699e-04,   1.59658197e-02,   1.30649876e-01,\n",
       "          2.04632336e-02,   2.24870699e-04],\n",
       "       [  8.90284448e-02,   1.48134466e-01,   1.22275582e-01,\n",
       "          3.69412634e-04,   3.69412634e-04,   3.69412634e-04,\n",
       "          3.69412634e-04,   7.75766531e-03,   2.14628740e-01,\n",
       "          4.06353897e-03,   2.62282970e-02,   3.69412634e-04,\n",
       "          3.69412634e-04,   3.69412634e-04,   1.92463982e-01,\n",
       "          1.92463982e-01,   3.69412634e-04],\n",
       "       [  2.55950857e-04,   1.51266957e-01,   2.30611723e-01,\n",
       "          1.30534937e-02,   2.55950857e-04,   2.55950857e-04,\n",
       "          2.55950857e-04,   4.37675966e-02,   1.56130023e-02,\n",
       "          2.55950857e-04,   2.55950857e-04,   2.55950857e-04,\n",
       "          3.86485795e-02,   2.81545943e-03,   1.23112362e-01,\n",
       "          3.22754031e-01,   5.65651395e-02]])"
      ]
     },
     "execution_count": 23,
     "metadata": {},
     "output_type": "execute_result"
    }
   ],
   "source": [
    "doctopic"
   ]
  },
  {
   "cell_type": "code",
   "execution_count": 24,
   "metadata": {},
   "outputs": [
    {
     "name": "stdout",
     "output_type": "stream",
     "text": [
      "17\n"
     ]
    }
   ],
   "source": [
    "N, K = doctopic.shape\n",
